68,
78,
82,
81,
83,
85,
90,
85,
94,
84,
87,
94,
87,
93,
92,
92,
93,
100,
92,
101,
102,
92,
95,
92,
96,
91,
92,
92,
97,
91,
93,
95,
86,
92,
92,
98,
89,
85,
96,
94,
91,
95,
97,
97,
92,
95,
100,
92,
92,
97,
98,
96,
93,
101,
96,
108,
111,
95,
105,
112,
116,
111,
109,
108,
109,
109,
110,
109,
107,
109,
114,
114,
124,
120,
114,
126,
117,
115,
127,
115,
119,
120,
115,
114,
114,
119,
117,
118,
115,
119,
129,
124,
123,
117,
120,
117,
115,
125,
129,
120,
126,
121,
117,
121,
120,
118,
116,
118,
114,
114,
123,
110,
116,
122,
117,
115,
115,
118,
113,
117,
117,
113,
113,
122,
115,
118,
114,
115,
116,
115,
120,
113,
110,
115,
117,
115,
113,
120,
119,
113,
121,
114,
114,
120,
118,
117,
114,
126,
118,
124,
116,
114,
120,
119,
116,
125,
117,
122,
117,
125,
114,
115,
117,
123,
126,
122,
118,
116,
122,
119,
120,
119,
112,
122,
114,
119,
116,
111,
118,
125,
118,
116,
117,
119,
111,
113,
114,
117,
118,
130,
117,
133,
121,
128,
116,
121,
122,
117,
120,
115,
125,
120,
116,
120,
122,
121,
128,
117,
120,
116,
125,
118,
117,
123,
123,
124,
117,
116,
116,
125,
121,
132,
122,
130,
119,
120,
118,
127,
120,
115,
125,
117,
129,
123,
117,
114,
121,
119,
114,
122,
123,
123,
119,
122,
111,
127,
119,
119,
116,
121,
119,
121,
121,
121,
115,
123,
123,
126,
120,
120,
125,
118,
129,
138,
114,
121,
117,
114,
118,
119,
120,
123,
124,
118,
124,
120,
119,
121,
120,
120,
113,
124,
117,
128,
120,
121,
116,
124,
122,
122,
124,
119,
119,
125,
123,
120,
121,
121,
122,
117,
119,
119,
116,
118,
120,
122,
125,
133,
118,
120,
130,
125,
116,
117,
119,
118,
121,
128,
120,
129,
121,
123,
117,
128,
121,
120,
119,
119,
121,
115,
120,
128,
117,
120,
120,
118,
123,
125,
119,
120,
120,
120,
122,
124,
127,
121,
121,
121,
122,
117,
116,
114,
127,
123,
123,
117,
121,
126,
120,
118,
125,
115,
119,
120,
115,
124,
124,
122,
123,
125,
121,
115,
119,
122,
121,
119,
117,
114,
125,
118,
120,
120,
119,
124,
122,
119,
112,
136,
128,
128,
129,
121,
123,
122,
120,
120,
131,
116,
125,
119,
118,
123,
123,
123,
120,
131,
125,
123,
123,
122,
124,
122,
120,
121,
126,
123,
128,
124,
132,
120,
128,
123,
119,
119,
123,
120,
120,
128,
123,
124,
132,
121,
118,
119,
120,
124,
129,
128,
123,
125,
117,
127,
129,
122,
123,
126,
124,
123,
125,
119,
118,
122,
119,
126,
129,
120,
126,
125,
118,
128,
123,
125,
118,
138,
119,
122,
125,
125,
125,
123,
123,
119,
120,
119,
115,
126,
125,
128,
118,
122,
122,
122,
121,
123,
125,
127,
123,
128,
121,
125,
127,
122,
121,
123,
124,
131,
121,
124,
127,
122,
