60
57
54
51
53
56
51
60
51
56
49
51
53
52
55
51
50
57
54
60
56
59
54
53
53
55
60
53
50
58
51
55
61
52
54
55
55
54
53
52
53
52
55
49
54
58
64
58
60
61
55
50
58
55
55
56
56
51
55
53
53
55
53
61
59
52
53
54
58
54
54
57
53
53
55
58
53
59
56
52
48
58
51
59
51
58
50
55
51
60
52
54
54
56
50
58
56
56
54
54
59
51
51
52
53
49
51
52
56
58
56
52
53
63
58
60
51
56
53
51
57
51
58
54
54
54
55
60
59
52
56
54
51
53
55
57
53
55
55
54
54
56
55
51
53
57
54
54
53
59
57
54
57
51
54
54
54
56
54
53
53
58
53
53
61
57
58
56
55
57
54
54
53
52
53
53
53
55
58
59
49
52
52
55
50
56
53
56
62
51
50
53
58
55
54
51
47
55
52
54
56
54
58
52
52
55
50
51
55
52
52
52
51
55
52
52
54
57
54
57
58
52
56
54
54
54
54
54
57
55
56
51
62
56
55
55
59
56
62
54
54
56
53
55
54
53
54
56
54
58
55
55
53
53
57
56
53
62
54
58
55
50
53
56
58
58
51
56
56
55
59
54
52
52
55
59
54
53
52
57
55
56
55
57
62
58
54
53
55
54
59
56
56
52
56
52
57
55
52
54
54
57
55
55
59
49
59
54
54
53
54
53
56
54
51
55
57
52
54
54
53
55
58
49
59
58
56
50
54
53
55
55
59
54
53
56
55
53
54
53
59
53
56
52
59
60
54
52
51
50
49
51
53
53
57
56
53
54
54
60
52
52
48
51
59
60
60
54
54
55
54
54
54
59
59
58
59
54
56
55
52
53
53
55
53
53
50
50
52
55
53
52
57
55
54
53
57
58
52
51
52
57
56
56
55
61
51
54
51
56
53
58
57
54
56
50
56
50
56
52
52
52
58
54
52
57
62
63
52
55
57
58
56
60
56
61
55
57
53
54
58
55
52
53
51
53
55
54
57
54
59
55
56
54
53
54
51
61
57
55
59
52
54
54
53
60
54
54
51
52
55
52
51
57
63
55
53
55
59
54
54
56
57
58
54
53
50
56
49
54
54
53
56
58
57
53
51
55
54
50
