38,
36,
46,
41,
47,
39,
50,
44,
44,
49,
54,
50,
48,
51,
51,
51,
47,
54,
52,
49,
49,
52,
51,
50,
50,
48,
49,
50,
51,
53,
50,
48,
49,
49,
48,
48,
50,
49,
50,
60,
53,
49,
55,
53,
52,
48,
49,
53,
48,
50,
50,
51,
49,
50,
50,
52,
49,
50,
53,
51,
50,
48,
48,
48,
56,
52,
51,
51,
54,
51,
49,
51,
50,
51,
47,
49,
48,
53,
48,
48,
56,
50,
53,
54,
46,
51,
52,
52,
51,
52,
54,
53,
52,
53,
53,
51,
48,
49,
47,
51,
53,
49,
51,
51,
50,
50,
51,
53,
54,
54,
51,
47,
51,
55,
49,
52,
50,
49,
50,
52,
52,
51,
53,
52,
50,
53,
58,
47,
52,
49,
55,
55,
49,
50,
48,
47,
53,
49,
49,
55,
48,
50,
57,
51,
51,
52,
52,
52,
50,
52,
56,
54,
48,
49,
52,
49,
53,
53,
53,
47,
49,
51,
50,
50,
48,
55,
55,
50,
53,
48,
54,
50,
49,
52,
54,
53,
50,
53,
52,
49,
50,
50,
53,
53,
53,
50,
52,
54,
48,
48,
54,
49,
49,
49,
54,
52,
55,
56,
50,
49,
52,
47,
49,
50,
51,
49,
57,
55,
53,
51,
52,
49,
49,
54,
54,
54,
53,
54,
52,
51,
56,
54,
50,
49,
54,
48,
50,
54,
51,
53,
52,
48,
53,
52,
55,
52,
53,
50,
48,
56,
55,
50,
58,
51,
54,
53,
57,
49,
51,
51,
51,
49,
53,
57,
52,
52,
53,
51,
53,
53,
49,
49,
49,
49,
48,
53,
52,
54,
50,
49,
50,
52,
51,
58,
50,
50,
49,
55,
53,
49,
50,
50,
52,
49,
54,
52,
56,
50,
53,
53,
54,
54,
52,
54,
54,
49,
49,
52,
51,
52,
54,
52,
52,
54,
51,
51,
55,
56,
51,
52,
53,
52,
56,
59,
56,
55,
53,
53,
59,
55,
56,
53,
51,
54,
51,
52,
54,
60,
58,
54,
54,
56,
59,
54,
58,
56,
50,
52,
51,
58,
51,
55,
53,
53,
49,
56,
58,
54,
54,
55,
52,
54,
50,
55,
53,
54,
59,
56,
55,
51,
53,
53,
50,
54,
55,
50,
52,
56,
51,
54,
52,
52,
54,
52,
50,
55,
51,
50,
57,
54,
55,
52,
51,
51,
57,
56,
56,
53,
57,
54,
49,
54,
50,
54,
50,
52,
52,
53,
51,
52,
52,
53,
57,
53,
51,
55,
54,
56,
52,
49,
53,
53,
52,
56,
51,
55,
53,
57,
53,
53,
51,
52,
58,
50,
51,
51,
52,
52,
53,
56,
51,
52,
53,
52,
53,
50,
52,
54,
53,
57,
54,
54,
52,
54,
51,
55,
56,
53,
52,
56,
51,
50,
53,
58,
51,
53,
53,
56,
50,
53,
55,
56,
53,
52,
57,
50,
53,
53,
53,
52,
52,
53,
57,
49,
50,
51,
53,
53,
51,
53,
51,
54,
56,
51,
53,
54,
50,
52,
51,
56,
53,
54,
58,
57,
52,
52,
53,
51,
50,
52,
57,
52,
53,
50,
55,
57,
54,
55,
55,
51,
49,
53,
54,
48,
50,
52,
59,
50,
51,
56,
51,
53,
56,
54,
51,
54,
60,
60,
53,
55,
54,
53,
57,
54,
59,
55,
56,
61,
58,
53,
57,
52,
55,
53,
54,
53,
57,
54,
53,
55,
55,
58,
54,
56,
59,
56,
64,
55,
55,
56,
61,
65,
53,
58,
58,
56,
58,
58,
53,
54,
60,
59,
59,
55,
55,
58,
55,
55,
62,
62,
57,
59,
56,
56,
58,
53,
54,
57,
58,
55,
58,
52,
53,
53,
57,
55,
59,
55,
56,
50,
63,
59,
56,
58,
58,
54,
60,
55,
56,
57,
53,
56,
55,
54,
54,
56,
57,
61,
57,
57,
52,
57,
60,
58,
53,
55,
52,
55,
56,
55,
55,
59,
56,
56,
59,
54,
56,
56,
55,
58,
55,
56,
61,
57,
58,
55,
53,
59,
58,
59,
60,
60,
55,
54,
55,
56,
54,
52,
54,
54,
56,
58,
54,
60,
56,
59,
57,
57,
56,
54,
55,
58,
57,
58,
53,
54,
64,
57,
54,
55,
57,
53,
59,
53,
56,
57,
56,
60,
56,
56,
53,
54,
55,
56,
62,
57,
57,
56,
60,
56,
65,
61,
55,
59,
55,
60,
59,
56,
59,
58,
61,
61,
54,
57,
55,
56,
59,
53,
54,
58,
59,
57,
65,
57,
56,
61,
55,
53,
56,
62,
59,
60,
56,
59,
64,
59,
59,
56,
52,
59,
55,
57,
55,
55,
58,
59,
57,
54,
57,
59,
56,
58,
60,
58,
56,
57,
62,
55,
57,
60,
55,
56,
60,
59,
62,
55,
57,
59,
58,
59,
57,
59,
62,
56,
55,
58,
58,
57,
57,
56,
58,
59,
58,
59,
53,
60,
56,
60,
63,
61,
53,
58,
62,
57,
65,
64,
56,
59,
58,
59,
55,
61,
56,
56,
60,
58,
60,
56,
57,
59,
54,
62,
57,
59,
59,
61,
57,
58,
56,
57,
57,
62,
57,
57,
55,
59,
58,
55,
57,
56,
58,
58,
61,
61,
59,
64,
57,
57,
61,
57,
62,
56,
56,
57,
65,
53,
57,
59,
62,
56,
59,
58,
59,
56,
57,
55,
60,
64,
58,
63,
59,
58,
57,
58,
59,
60,
56,
57,
57,
57,
59,
61,
55,
56,
54,
60,
64,
53,
59,
58,
57,
65,
57,
55,
54,
57,
60,
58,
59,
58,
55,
59,
57,
55,
57,
58,
59,
56,
62,
60,
56,
54,
60,
60,
58,
59,
58,
61,
59,
56,
58,
57,
57,
58,
58,
59,
56,
55,
56,
59,
52,
57,
55,
58,
57,
55,
56,
60,
56,
60,
58,
57,
60,
57,
56,
61,
55,
57,
53,
55,
56,
58,
60,
58,
59,
55,
56,
58,
57,
54,
60,
55,
57,
63,
56,
55,
58,
59,
63,
59,
62,
58,
62,
55,
57,
57,
59,
58,
62,
56,
56,
53,
60,
60,
60,
57,
58,
58,
57,
54,
55,
53,
59,
58,
57,
58,
57,
53,
55,
57,
58,
56,
57,
63,
60,
64,
60,
60,
60,
56,
