147,
153,
152,
164,
171,
176,
191,
185,
185,
193,
212,
199,
214,
221,
207,
207,
212,
208,
217,
222,
209,
212,
203,
208,
206,
213,
212,
213,
202,
205,
209,
222,
201,
211,
216,
220,
206,
204,
225,
208,
215,
212,
207,
204,
216,
207,
205,
212,
211,
213,
204,
207,
207,
208,
203,
210,
212,
203,
203,
209,
210,
221,
208,
215,
215,
209,
202,
210,
216,
202,
211,
209,
211,
206,
205,
209,
215,
212,
210,
210,
221,
211,
220,
218,
216,
209,
222,
221,
215,
215,
216,
218,
216,
225,
214,
220,
210,
220,
218,
225,
